ID	Gene Symbol	S1	S2	S3	S4	S5	S6	S7	N1	N2	N3	N4	N5
206172_at	IL13RA2	4.539275139	4.217022844	4.410377944	6.180420429	5.130540867	7.400069196	5.252890988	9.491712082	8.905382561	10.14496255	8.368653219	10.14461551
200953_s_at	CCND2	4.456912866	4.381911824	7.800785615	7.79659929	4.751094138	6.034522511	6.536122572	9.963830492	8.730889484	9.486778117	7.481264277	9.103748964
1563933_a_at	PLD5	4.800733601	4.09219788	6.032839344	7.273396918	5.90932786	5.356120662	2.995521629	7.468666568	6.447156219	6.920428774	7.574825244	8.745186321
200952_s_at	CCND2	3.804105549	4.043264615	5.698746696	5.224742916	4.422081245	4.73325535	5.19673383	7.191731682	6.432765944	7.361398707	5.28463638	6.581560474
201427_s_at	SEPP1	4.79864023	5.750822403	6.131722718	7.52927976	6.091506817	7.140248443	7.712506438	9.68506063	8.492384761	7.813048526	7.062910607	8.694073823
213791_at	PENK	5.726772546	4.340286248	6.271163055	6.460241444	8.732274543	8.332316778	4.665835202	9.009681307	8.910253458	9.656358469	7.326424972	8.987115092
200951_s_at	CCND2	4.174268023	4.315384686	5.908331193	5.804599805	4.372174556	5.213833962	5.176934548	7.121119635	6.219704659	7.349209429	5.535550811	6.581214647
228186_s_at	RSPO3	6.306312953	6.989520179	5.24050237	7.94293809	7.068295297	7.932007321	6.046712703	8.603464967	7.965811557	9.246377916	6.970120794	9.146603372
205113_at	NEF3	4.916908014	4.54181252	4.503052715	4.755210755	4.489641493	4.055002155	4.061426171	5.088553579	5.264111602	6.970164325	4.737211235	6.649674988
204597_x_at	STC1	5.070932593	5.173202552	4.175041751	6.35139769	5.270971533	5.363991179	3.962999798	6.219619463	5.920619091	6.950113215	5.690897901	7.593525564
204596_s_at	STC1	5.240053687	5.126292229	4.861306454	5.900023645	5.394410745	5.344796864	4.60204717	6.26980208	6.023842559	7.06184783	5.816310029	7.418401315
228570_at	BTBD11	4.550814322	4.54772057	3.859877588	5.359649706	4.78551964	5.138890922	3.801873277	5.692629239	6.347419584	6.871704244	4.789862038	5.714700237
204595_s_at	STC1	6.236578044	6.556658173	5.303680964	7.324581328	6.342880445	6.603177289	5.270376013	7.356993088	7.006146809	8.160250506	6.885839537	8.514264598
232746_at	CMKOR1	4.212696174	5.489382607	4.875201332	5.466735863	4.023817591	5.305033889	7.837775744	7.895300703	7.468099863	6.989847418	5.951815575	7.132274502
204470_at	CXCL1	5.246329184	5.062909575	4.464590959	5.323087741	4.423828483	5.014550161	4.769544981	5.470582381	6.604281183	7.259310632	5.016507077	5.645947036
230746_s_at	STC1	4.704846287	5.205417975	3.611672803	6.043514183	4.783517668	4.825508672	3.716849226	5.830867017	5.589144564	6.394867672	5.40053451	7.107539246
200644_at	MARCKSL1	7.172353786	7.633000631	7.134361255	8.334910557	8.040233609	8.042257075	6.443660895	8.92360063	8.743010671	9.453115755	7.967965225	8.687256411
209529_at	PPAP2C	4.988620916	5.558340463	4.824796875	5.904183396	5.298746679	4.718271289	4.938905124	6.331248485	6.967631209	6.250469613	5.907368691	6.230633669
216598_s_at	CCL2	8.763471487	8.476037639	8.376450444	9.53168222	7.543565668	8.215695033	8.812939425	9.295463789	9.890589136	10.09570953	9.16344134	10.18856594
204363_at	F3	8.463956007	7.720166178	8.651628556	8.187539457	7.563639514	9.017674506	9.715287067	9.508105102	9.790494966	10.21510936	9.248577371	9.750188564
227935_s_at	PCGF5	6.751161171	7.035616422	6.880146662	5.957110831	8.046618949	6.373606793	6.447287157	6.085510207	5.864165474	5.465587418	6.175074092	5.938143096
226326_at	PCGF5	9.030505082	9.354471041	8.768321951	7.948926259	9.673999173	8.491472332	8.805091264	7.880968507	7.771851963	7.367873024	8.482794255	7.892566684
218824_at	FLJ10781	7.540080463	6.842115689	7.151082538	6.171262576	8.221644908	7.130225988	6.769971784	5.905239905	5.854079975	6.411637959	6.038783695	6.63579673
209841_s_at	LRRN3	7.581107968	6.822985381	7.587168589	6.8413975	7.270599313	6.75328178	6.332276012	5.612511142	5.975359661	6.399985786	6.139789164	5.845252365
210571_s_at	CMAH	7.32257784	7.378814046	7.142106949	6.037166267	6.640859459	6.352597195	7.861245954	5.784341555	5.745670238	5.9322152	6.295811609	6.14811006
205518_s_at	CMAH	7.900122989	7.767946911	7.67405313	6.645550637	7.24069481	7.043048848	8.372455293	6.285936117	6.18371523	6.21753477	6.988912256	6.796383648
230071_at	Septin 11	9.46885559	9.472731031	9.988259882	8.368153086	9.199796723	8.625374893	9.673970386	8.101898595	7.934273103	7.535468058	9.149497208	7.906246554
221060_s_at	TLR4	6.635517483	7.068418111	7.369461484	5.837783777	7.173276596	6.277019891	7.445079785	6.15207777	5.871477941	5.465646588	6.047201387	5.382610706
1558643_s_at	EDIL3	9.435404986	9.604554259	10.2577036	8.933719907	10.74908647	9.495785811	9.470950553	8.91154864	7.051936859	7.570469133	9.143158001	9.457403537
207379_at	EDIL3	9.953486357	10.02681832	10.66690765	9.425827736	11.08041039	9.917250326	9.951918852	9.194582	7.320582107	7.7534064	9.658607516	9.938612496
1552798_a_at	TLR4	6.886469824	7.147005728	7.577067766	5.936424731	7.124600558	6.367326632	7.563045761	6.011042956	6.095766191	5.142734636	6.476976265	5.056615634
210136_at	MBP	8.961675602	8.689238724	9.210050074	8.175131307	8.50681634	8.835899533	9.489279327	7.553073639	7.917355901	6.398669159	8.716976966	6.634328867
239058_at	FOXC2	8.480947074	7.896194831	8.266603771	6.471048562	8.101780565	6.99216353	7.46591566	5.826569292	7.102114843	6.461100806	7.26894532	5.511713941
204079_at	TPST2	9.644261482	9.320670312	10.28737858	8.518850841	9.783737323	8.427554847	9.449313281	8.123498655	8.24909598	8.005175623	8.662323278	8.134700624
209840_s_at	LRRN3	7.416481456	6.830932217	7.451545746	6.5561691	7.443640843	6.460221684	5.871004293	5.345231419	5.550736925	6.059054251	5.974413702	5.610845613
223094_s_at	ANKH	9.310531103	9.141171121	8.967221662	8.035734682	8.749603357	8.724732845	9.184806429	7.411296122	7.844833427	7.746057034	8.088366563	7.126609009
229194_at	PCGF5	8.607875265	8.803847207	8.160153987	7.130682281	9.104180619	8.254332578	8.313404109	7.08343729	7.112158724	6.854883763	7.825130615	6.89778889
206796_at	WISP1	7.621120769	7.826325483	6.82528017	7.145615624	6.436714812	7.309157408	8.127494278	5.985548465	6.572737723	5.556457649	6.750390724	5.483172301
235331_x_at	PCGF5	7.038063428	7.332094173	6.505307765	5.152177546	7.679408797	6.707874335	6.828162848	5.511673976	5.693614214	5.689475403	6.025118916	5.135453022
219049_at	ChGn	6.667540732	7.113994006	6.681389134	5.245684546	5.670480573	6.552378332	7.504437665	5.241165714	4.377812423	4.992101075	6.359062257	5.046192217
205081_at	CRIP1	7.594212302	7.97512829	7.597166946	6.844914683	8.351365327	6.404407374	7.222996617	6.158677145	6.898023164	5.212869927	6.750077063	5.507497842
220076_at	ANKH	6.792715685	6.838576993	6.144275142	5.116194655	6.468204131	6.111104102	6.774646349	4.800598156	5.149885591	5.435912592	5.188326876	4.739442775
203881_s_at	DMD	7.784426735	7.781586521	8.748588704	6.938866774	6.886807764	6.646550312	8.159682378	6.338391846	6.25681732	6.342760984	6.978928553	5.873503598
236044_at	PPAPDC1A	7.712888732	7.853417835	8.482424671	8.041718978	7.399341477	7.281808034	8.406131531	6.908663623	5.893963678	5.829139413	6.877549484	7.042266667
223092_at	ANKH	10.84724367	10.70281736	10.56769557	9.745626811	10.3149339	10.3517819	10.81375736	8.992052154	9.30760863	9.107225414	9.616696061	8.66833609
223093_at	ANKH	9.01777783	8.896673656	8.728649895	7.849384632	8.691509666	8.472727408	8.945713035	7.163052381	7.489741418	7.330531826	7.63493637	6.864283151
229638_at	IRX3	9.249768019	9.808162081	7.788795239	7.514130926	8.432543756	7.986608644	9.411673503	6.635385185	7.261378552	6.048247278	8.306287546	6.867938496
217452_s_at	B3GALT2	5.658447619	5.929137121	6.551760304	6.668503254	6.159311585	6.129818223	6.121123252	5.180633164	4.890678002	3.134463427	5.014300439	3.596308304
220351_at	CCRL1	5.438508547	5.996792203	4.685550409	3.421158237	6.721162189	4.248287529	5.602103216	3.729521738	4.145972127	3.836557367	3.339094702	3.843473444
